19
45
12
65
94
52
30
57
4
94
88
15
62
29
43
53
49
7
18
57
78
73
85
40
35
68
6
92
80
17
21
14
91
61
92
72
78
23
70
6
14
27
99
44
54
46
97
1
60
9
61
52
35
45
9
22
2
83
23
81
3
48
31
11
39
42
56
96
83
56
48
6
55
53
1
88
20
84
55
26
97
33
88
43
16
45
56
13
26
92
88
19
65
94
2
23
77
61
69
25
52
23
45
34
61
55
36
41
33
44
13
48
92
98
36
21
78
12
2
72
37
62
44
97
97
28
30
18
84
93
38
24
30
7
96
11
7
2
54
28
98
64
56
5
95
33
18
55
21
41
52
22
47
26
18
76
100
2
42
38
99
72
33
30
81
20
75
11
7
62
92
10
85
80
83
48
13
41
80
33
5
86
66
12
100
37
7
75
40
16
39
25
94
45
25
7
92
6
47
2
67
17
56
19
72
38
64
13
96
98
76
100
18
55
32
40
6
60
54
55
25
71
42
89
35
70
49
19
60
18
60
1
70
35
32
15
87
75
4
88
4
63
55
65
89
64
95
40
9
63
73
27
37
55
35
48
37
34
41
20
19
35
97
85
58
60
10
91
33
91
77
15
17
14
49
73
95
36
42
22
72
79
77
20
10
2
11
84
90
10
27
11
3
3
88
31
100
62
84
16
31
95
74
82
53
25
85
93
49
19
47
63
20
61
45
83
63
84
2
42
26
19
83
39
98
40
39
89
36
20
57
97
61
80
23
50
19
25
69
31
43
54
71
84
31
100
51
7
86
1
57
46
5
11
12
2
82
94
74
90
23
81
2
75
88
95
2
44
28
17
68
15
15
19
99
47
2
7
54
82
41
24
54
47
67
63
46
67
88
71
23
41
63
13
99
74
31
81
31
1
79
8
90
94
43
100
52
65
98
78
73
34
50
80
35
49
12
7
22
19
44
47
44
79
50
61
40
34
81
90
73
74
72
68
8
15
54
15
17
64
32
76
78
85
56
85
64
55
23
6
90
37
26
88
81
81
61
57
71
35
37
88
71
100
35
19
71
17
25
45
83
66
41
39
78
4
21
13
99
13
34
19
42
96
45
21
19
6
36
26
60
42
77
52
56
64
45
57
82
49
22
69
10
97
28
34
78
78
4
73
75
43
42
34
15
52
2
29
34
57
69
20
57
66
17
50
8
43
31
60
35
25
4
82
2
66
63
60
1
63
96
55
33
10
40
92
28
9
94
36
39
73
51
93
10
69
56
85
41
35
91
36
3
84
98
67
56
76
7
21
24
77
76
23
12
38
58
25
71
1
16
19
61
46
16
5
4
68
90
52
21
36
10
28
12
24
75
79
50
95
40
23
73
37
14
94
93
48
55
44
72
35
45
68
56
16
23
97
63
65
67
90
88
100
39
71
35
78
83
55
58
98
60
57
62
3
4
17
74
20
88
95
14
81
72
86
60
63
23
31
3
88
83
12
61
28
14
91
7
99
2
41
61
89
21
90
2
55
56
48
94
39
49
85
57
75
61
54
73
48
85
27
46
66
78
92
73
8
13
72
48
32
83
54
18
15
69
78
51
83
23
84
41
5
79
79
42
98
61
43
22
3
56
83
7
11
1
96
43
87
66
39
15
20
22
52
98
24
58
63
38
81
72
26
28
51
32
98
32
63
6
6
81
45
54
71
2
3
12
34
84
12
69
30
80
41
58
5
55
86
61
100
49
67
11
13
63
47
81
75
51
93
18
5
56
82
11
11
50
52
67
98
61
68
64
24
26
83
68
94
54
70
89
96
54
49
43
55
91
14
20
87
2
34
69
38
6
67
4
69
34
47
62
81
30
28
73
90
30
83
17
52
27
65
9
84
11
37
8
88
6
23
61
98
54
64
96
2
10
79
21
27
48
77
81
2
36
52
96
97
45
71
1
85
84
32
33
87
66
2
82
63
45
81
8
70
11
70
96
97
100
85
12
87
22
66
31
85
47
29
24
73
18
57
22
54
52
82
10
52
69
81
69
31
95
19
66
31
38
72
46
97
73
2
54
26
100
86
95
71
96
49
95
90
69
45
44
84
59
3
35
41
72
3
44
10
42
83
24
3
48
90
68
4
53
21
15
3
63
89
76
24
61
20
68
94
73
13
73
68
54
2
32
84
74
72
3
97
58
58
10
33
4
67
88
33
70
55
72
66
71
4
34
18
23
25
39
72
68
56
58
53
25
41
41
76
62
75
22
39
57
87
84
68
82
81
58
28
40
10
92
39
93
70
31
93
82
9
92
60
100
47
100
49
7
85
19
85
90
13
62
75
47
33
27
83
48
1
14
31
71
40
20
56
11
19
54
7
76
26
49
29
86
30
95
13
61
61
42
36
85
10
10
45
95
30
16
61
5
33
11
96
96
74
89
80
28
36
43
73
78
27
80
57
51
83
57
9
10
53
53
89
38
42
84
99
56
74
84
12
2
29
35
29
59
22
92
12
55
14
85
79
96
27
45
87
18
28
92
71
76
48
81
29
49
21
35
83
50
36
4
99
68
29
23
48
39
72
69
80
11
54
49
14
80
5
11
62
55
66
21
14
86
35
16
73
57
83
1
17
43
66
59
49
74
31
5
80
77
40
10
92
83
97
65
63
71
67
14
48
87
30
2
98
5
38
97
53
47
76
32
40
6
55
35
57
77
27
90
38
35
11
90
25
11
23
70
17
63
48
43
11
27
46
95
68
4
51
39
49
49
22
35
52
54
97
23
5
43
100
81
20
37
2
72
42
43
13
46
7
19
4
2
79
7
2
89
32
38
35
29
93
6
58
8
21
98
11
25
13
92
33
89
5
21
58
15
47
70
84
29
99
23
83
99
7
61
35
98
40
100
22
36
85
77
89
31
55
24
56
23
77
51
69
25
49
33
79
78
27
56
94
18
48
34
30
77
17
83
5
